312
328
333
338
348
351
356
370
380
381
386
396
404
406
414
447
456
471
476
497
521
577
610
634
722
783
801
839
844
1091
1317
1727
1991
1996
2022
2053
2127
2213
2360
2361
2467
2610
2894
2941
3491
3498
3561
4374
4378
4554
4815
4996
5502
5619
5916
5928
6039
6144
6508
7103
8033
8124
8147
8151
8153
8154
8221
8222
8227
8231
8370
8400
8436
8443
9003
9298
9528
10156
11130
12205
14349
15061
15931
16117
16684
17159
17721
18063
18543
21844
22872
24701
24705
24726
36544
38881
40955
41058
42135
42866
43104
43395
43445
43451
43553
43869
43911
43986
44110
44111
44168
44238
44299
44720
44745
44851
45028
45146
45352
45524
45660
45694
46005
46019
46022
46068
46134
46225
46701
47237
48850
51481
64021
75871
77282
77331
77443
77531
78753
79450
79834
81289
81432
81482
100553
102147
102245
111543
167491
195226
195524
196855
221844
252031
252037
256566
258687
263487
263531
278273
279102
280172
298313
310960
320230
405627
408876
413447
420429
427122
431162
437410
438264
461904
471909
496745
506432
512883
535337
565819
566766
597687
689066
706655
724703
839818
928626
1015471
1111771