301
312
322
324
325
326
328
329
335
341
342
345
346
349
352
353
354
355
356
359
361
364
366
370
371
376
377
381
384
386
389
394
395
399
406
407
409
418
419
421
423
430
435
436
441
448
451
453
456
458
468
474
476
494
504
505
522
526
527
530
540
544
555
577
581
610
612
627
688
689
707
708
717
770
801
950
1006
1846
1956
1957
1991
2037
2056
2213
2273
2360
2361
2428
2513
2519
2656
2868
2950
3442
3498
3561
3679
3793
3797
4304
4374
4411
4511
4513
4541
4815
5167
5277
5492
5502
5622
5928
6374
6462
6877
6898
7663
7674
7724
8124
8129
8147
8151
8190
8219
8221
8222
8228
8240
8287
8408
8469
8470
9028
9116
9684
10023
11663
12198
22160
25108
32714
32898
38905
41519
41520
42326
42461
42664
42736
42752
42770
42782
42938
43009
43104
43304
43379
43395
43608
43759
43869
44027
44168
44238
44386
44718
44720
44727
44745
44929
45086
45146
45319
45453
45463
45779
45780
45781
45864
46169
46223
46225
46708
48356
49684
51481
61214
61237
63912
63991
64187
75871
77082
77394
77413
77531
77548
77577
77711
78240
78378
78871
81297
81314
81555
81845
84037
84049
86326
86566
89514
89515
89544
102124
102147
102838
104938
111543
161339
178579
195273
195334
195563
222895
231121
251613
251733
251884
256551
256566
257964
258687
260162
260226
260898
261127
262909
263531
265114
273209
273302
276295
276762
278522
279102
279165
279580
280160
280172
280938
280961
281251
311268
314239
321842
325381
378140
387556
391085
391177
391762
394619
395787
397667
402514
406408
407636
408876
409600
412162
412474
416817
418762
420923
427122
427198
430480
432791
436263
441271
442568
447301
450213
453397
462360
462553
462606
462682
463724
463897
464413
465674
467293
468994
470314
470689
474935
478759
483237
484878
485261
485311
492366
493208
496849
517988
522892
522941
535341
568289
571892
573733
573990
582170
586397
586584
596125
601564
606646
606826
627299
645118
645276
649917
661625
679486
689066
692861
693969
714928
722951
725190
730665
742026
749540
760740
762484
770973
775276
780392
782932
797840
803422
803436
818144
819101
821008
823705
835086
837530
839110
839954
839960
840817
841081
841152
841700
843103
843649
843650
885072
885325
893928
903831
920265
923510
931677
944098
944708
944814
957887
958442
958722
963016
963343
970196
977288
1000443
1002696
1005878
1007049
1008113
1008385
1009413
1029333
1048334
1103852
1108577
1115685
1143242
1171976
1188248
1188529
1219417
1221715
1225587
1263292
1283709
1316548
1363087
1387021