195334
258687
3498
474
476
522
301
46225
81314
324
355
4871
356
2950
51481
77263
377
345
4541
444
280172
586397
327
77335
12244
12198
399
2360
42664
361
46708
77269
408410
725190
77413
470553
1143242
469
437410
723
428457
458
341
332
9028
5492
354
571
344
751
80749
2056
447
424
322
430
409507
6764
102198
381
32898
342
42782
530
519
312
44386
382
397667
111543
456
7097
86326
126196
3797
397
1108577
84014
49684
354799
41519
596125
46019
81297
44168
278522
77265
489
368936
573759
8190
15204
10179
45389
2119
601564
408876
258885
279880
835086
420923
46089
41520
689
77331
280562
3563
81555
77444
45314
407636
160977
89514
808639
706
328
25108
679486
279102
526
349
540
3561
63912
497
43869
424153
5619
44218
351
8385
8221
958722
77531
692861
472
464
195226
441
471
338
5012
1902
627
46068
371
5167
104938
2127
44027
5502
281251
2656
8124
77264
63991
81512
707
645118
485311
4695
13738
394
782
944098
45660
513
79204
77283
435
448
329
535341
447301
389
325
326
4374
2213
336
346
957887
387556
370
414
43395
44745
348
7724
395
775276
42736
42770
4996
527
770
2494
368937
539550
2361
44238
408
439
8219
45146
450213
395787
775273
10156
8335
46789
1991
2037
406340
383
738
5319
7103
6877
539
350
8227
442568
251733
714248
478
22907
9617
4914
1048334
357
5059
325381
61297
423210
84049
45244
5277
610
43982
367
8147
258328
7226
158786
42571
46745
772017
368
102124